k = 0:
0 1 2 3 4 5 6 7 8 9 10 11 12 13 14 15
-- its equal to original

k = 1:
1 0 3 2 5 4 7 6 9 8 11 10 13 12 15 14
-- up, every 4 nums it's equal to 1..4,

k = 2:
2 3 0 1 6 7 4 5 10 11 8 9 14 15 12 13
--

k = 3:
3 2 1 0 7 6 5 4 11 10 9 8 15 14 13 12

k = 4:
4 5 6 7 0 1 2 3 12 13 14 15 8 9 10 11

k = 5:
5 4 7 6 1 0 3 2 13 12 15 14 9 8 11 10

k = 6:
6 7 4 5 2 3 0 1 14 15 12 13 10 11 8 9

k = 7:
7 6 5 4 3 2 1 0 15 14 13 12 11 10 9 8

k = 8:
8 9 10 11 12 13 14 15 0 1 2 3 4 5 6 7

k = 9:
9 8 11 10 13 12 15 14 1 0 3 2 5 4 7 6

k = 10:
10 11 8 9 14 15 12 13 2 3 0 1 6 7 4 5

k = 11:
11 10 9 8 15 14 13 12 3 2 1 0 7 6 5 4

k = 12:
12 13 14 15 8 9 10 11 4 5 6 7 0 1 2 3

k = 13:
13 12 15 14 9 8 11 10 5 4 7 6 1 0 3 2

k = 14:
14 15 12 13 10 11 8 9 6 7 4 5 2 3 0 1

k = 15:
15 14 13 12 11 10 9 8 7 6 5 4 3 2 1 0

k = 16:
16 17 18 19 20 21 22 23 24 25 26 27 28 29 30 31

k = 17:
17 16 19 18 21 20 23 22 25 24 27 26 29 28 31 30

k = 18:
18 19 16 17 22 23 20 21 26 27 24 25 30 31 28 29

k = 19:
19 18 17 16 23 22 21 20 27 26 25 24 31 30 29 28

k = 20:
20 21 22 23 16 17 18 19 28 29 30 31 24 25 26 27

k = 21:
21 20 23 22 17 16 19 18 29 28 31 30 25 24 27 26

k = 22:
22 23 20 21 18 19 16 17 30 31 28 29 26 27 24 25

k = 23:
23 22 21 20 19 18 17 16 31 30 29 28 27 26 25 24

k = 24:
24 25 26 27 28 29 30 31 16 17 18 19 20 21 22 23

k = 25:
25 24 27 26 29 28 31 30 17 16 19 18 21 20 23 22

k = 26:
26 27 24 25 30 31 28 29 18 19 16 17 22 23 20 21

k = 27:
27 26 25 24 31 30 29 28 19 18 17 16 23 22 21 20

k = 28:
28 29 30 31 24 25 26 27 20 21 22 23 16 17 18 19

k = 29:
29 28 31 30 25 24 27 26 21 20 23 22 17 16 19 18

k = 30:
30 31 28 29 26 27 24 25 22 23 20 21 18 19 16 17

k = 31:
31 30 29 28 27 26 25 24 23 22 21 20 19 18 17 16

k = 32:
32 33 34 35 36 37 38 39 40 41 42 43 44 45 46 47

k = 33:
33 32 35 34 37 36 39 38 41 40 43 42 45 44 47 46

k = 34:
34 35 32 33 38 39 36 37 42 43 40 41 46 47 44 45

k = 35:
35 34 33 32 39 38 37 36 43 42 41 40 47 46 45 44

k = 36:
36 37 38 39 32 33 34 35 44 45 46 47 40 41 42 43

k = 37:
37 36 39 38 33 32 35 34 45 44 47 46 41 40 43 42

k = 38:
38 39 36 37 34 35 32 33 46 47 44 45 42 43 40 41

k = 39:
39 38 37 36 35 34 33 32 47 46 45 44 43 42 41 40

k = 40:
40 41 42 43 44 45 46 47 32 33 34 35 36 37 38 39

k = 41:
41 40 43 42 45 44 47 46 33 32 35 34 37 36 39 38

k = 42:
42 43 40 41 46 47 44 45 34 35 32 33 38 39 36 37

k = 43:
43 42 41 40 47 46 45 44 35 34 33 32 39 38 37 36

k = 44:
44 45 46 47 40 41 42 43 36 37 38 39 32 33 34 35

k = 45:
45 44 47 46 41 40 43 42 37 36 39 38 33 32 35 34

k = 46:
46 47 44 45 42 43 40 41 38 39 36 37 34 35 32 33

k = 47:
47 46 45 44 43 42 41 40 39 38 37 36 35 34 33 32

k = 48:
48 49 50 51 52 53 54 55 56 57 58 59 60 61 62 63

k = 49:
49 48 51 50 53 52 55 54 57 56 59 58 61 60 63 62

k = 50:
50 51 48 49 54 55 52 53 58 59 56 57 62 63 60 61

k = 51:
51 50 49 48 55 54 53 52 59 58 57 56 63 62 61 60

k = 52:
52 53 54 55 48 49 50 51 60 61 62 63 56 57 58 59

k = 53:
53 52 55 54 49 48 51 50 61 60 63 62 57 56 59 58

k = 54:
54 55 52 53 50 51 48 49 62 63 60 61 58 59 56 57

k = 55:
55 54 53 52 51 50 49 48 63 62 61 60 59 58 57 56

k = 56:
56 57 58 59 60 61 62 63 48 49 50 51 52 53 54 55

k = 57:
57 56 59 58 61 60 63 62 49 48 51 50 53 52 55 54

k = 58:
58 59 56 57 62 63 60 61 50 51 48 49 54 55 52 53

k = 59:
59 58 57 56 63 62 61 60 51 50 49 48 55 54 53 52

k = 60:
60 61 62 63 56 57 58 59 52 53 54 55 48 49 50 51

k = 61:
61 60 63 62 57 56 59 58 53 52 55 54 49 48 51 50

k = 62:
62 63 60 61 58 59 56 57 54 55 52 53 50 51 48 49

k = 63:
63 62 61 60 59 58 57 56 55 54 53 52 51 50 49 48

k = 64:
64 65 66 67 68 69 70 71 72 73 74 75 76 77 78 79

k = 65:
65 64 67 66 69 68 71 70 73 72 75 74 77 76 79 78

k = 66:
66 67 64 65 70 71 68 69 74 75 72 73 78 79 76 77

k = 67:
67 66 65 64 71 70 69 68 75 74 73 72 79 78 77 76

k = 68:
68 69 70 71 64 65 66 67 76 77 78 79 72 73 74 75

k = 69:
69 68 71 70 65 64 67 66 77 76 79 78 73 72 75 74

k = 70:
70 71 68 69 66 67 64 65 78 79 76 77 74 75 72 73

k = 71:
71 70 69 68 67 66 65 64 79 78 77 76 75 74 73 72

k = 72:
72 73 74 75 76 77 78 79 64 65 66 67 68 69 70 71

k = 73:
73 72 75 74 77 76 79 78 65 64 67 66 69 68 71 70

k = 74:
74 75 72 73 78 79 76 77 66 67 64 65 70 71 68 69

k = 75:
75 74 73 72 79 78 77 76 67 66 65 64 71 70 69 68

k = 76:
76 77 78 79 72 73 74 75 68 69 70 71 64 65 66 67

k = 77:
77 76 79 78 73 72 75 74 69 68 71 70 65 64 67 66

k = 78:
78 79 76 77 74 75 72 73 70 71 68 69 66 67 64 65

k = 79:
79 78 77 76 75 74 73 72 71 70 69 68 67 66 65 64

k = 80:
80 81 82 83 84 85 86 87 88 89 90 91 92 93 94 95

k = 81:
81 80 83 82 85 84 87 86 89 88 91 90 93 92 95 94

k = 82:
82 83 80 81 86 87 84 85 90 91 88 89 94 95 92 93

k = 83:
83 82 81 80 87 86 85 84 91 90 89 88 95 94 93 92

k = 84:
84 85 86 87 80 81 82 83 92 93 94 95 88 89 90 91

k = 85:
85 84 87 86 81 80 83 82 93 92 95 94 89 88 91 90

k = 86:
86 87 84 85 82 83 80 81 94 95 92 93 90 91 88 89

k = 87:
87 86 85 84 83 82 81 80 95 94 93 92 91 90 89 88

k = 88:
88 89 90 91 92 93 94 95 80 81 82 83 84 85 86 87

k = 89:
89 88 91 90 93 92 95 94 81 80 83 82 85 84 87 86

k = 90:
90 91 88 89 94 95 92 93 82 83 80 81 86 87 84 85

k = 91:
91 90 89 88 95 94 93 92 83 82 81 80 87 86 85 84

k = 92:
92 93 94 95 88 89 90 91 84 85 86 87 80 81 82 83

k = 93:
93 92 95 94 89 88 91 90 85 84 87 86 81 80 83 82

k = 94:
94 95 92 93 90 91 88 89 86 87 84 85 82 83 80 81

k = 95:
95 94 93 92 91 90 89 88 87 86 85 84 83 82 81 80

k = 96:
96 97 98 99 100 101 102 103 104 105 106 107 108 109 110 111

k = 97:
97 96 99 98 101 100 103 102 105 104 107 106 109 108 111 110

k = 98:
98 99 96 97 102 103 100 101 106 107 104 105 110 111 108 109

k = 99:
99 98 97 96 103 102 101 100 107 106 105 104 111 110 109 108

k = 100:
100 101 102 103 96 97 98 99 108 109 110 111 104 105 106 107
